,User_1,User_2,User_3,User_4,User_5,User_6,User_7,User_8,User_9,User_10,User_11,User_12,User_13,User_14,User_15,User_16,User_17,User_18,User_19,User_20,User_21,User_22,User_23,User_24,User_25,User_26,User_27,User_28,User_29,User_30,User_31,User_32,User_33,User_34,User_35,User_36,User_37,User_38,User_39,User_40,User_41,User_42,User_43,User_44,User_45,User_46,User_47,User_48,User_49,User_50,User_51,User_52,User_53,User_54,User_55,User_56,User_57,User_58,User_59,User_60,User_61,User_62,User_63,User_64,User_65,User_66,User_67,User_68,User_69,User_70,User_71,User_72,User_73,User_74,User_75,User_76,User_77,User_78,User_79,User_80,User_81,User_82,User_83,User_84,User_85,User_86,User_87,User_88,User_89,User_90,User_91,User_92,User_93,User_94,User_95,User_96,User_97,User_98,User_99,User_100
User_1,1.0,0.03203888123163005,0.01656786365713659,-0.040390368852132645,-0.04006255549871304,-0.037960627605360606,-0.032730984844787474,0.02974014047402963,0.03271404068976898,-0.0387568418912017,-0.02315820652206547,0.01494229795335932,-0.016528368309060484,-0.029232751943384955,-0.03871674275971709,0.07354551777317486,-0.05381706840830337,-0.06700709344380837,0.0291327914026145,0.06278518763707087,-0.021831077051108295,-0.050765116625683226,0.04741390154116637,-0.04902232478349313,-0.03872517223001362,-0.021179823180762492,0.014299465541505008,0.048776169245225605,-0.005557184459211211,0.06548029161738983,0.09875910632315482,-0.017182630131910515,0.07017112210455347,-0.0798930146974282,-0.04828771499187124,0.005683518755883774,-0.014009525926582736,0.014752330280912624,-0.021660329535038606,0.04400804243354861,-0.018371099113620625,0.039109483854769034,-0.09120870205293893,-0.04097880959648111,0.03771124496662106,0.054533219853484284,0.011786289502535944,0.015679532537762133,0.011428711534247828,-0.009514706267993093,-0.012181154930376232,0.020602043328944632,-0.06001635358484759,-0.03276728048426278,-0.03212829719090647,0.04615376232142314,-0.0065091128589529436,-0.047259848329029484,0.037384337385663075,0.0846864457920061,-0.02152970612919827,0.008730314768789757,0.08041932876721763,-0.02008170571434464,-0.016835091905902995,0.03586280828315359,0.1133279178303471,-0.039737974335417224,0.012275662569139296,-0.009549638917971528,0.02934336001080587,-0.0023203760026680223,-0.0345677583704386,0.03455123542757476,-0.07146468971333911,0.003797388806009806,0.020884760260827178,-0.07517396715803544,-0.041751432882068285,0.008807900291399176,-0.1197898443471365,-0.011990555760448454,0.03234289356162649,-0.030361445305066962,0.05372645065788653,-0.013326950151609816,0.03048348068121384,0.01817787967815804,0.010940523473561035,-0.03480697531543934,-0.01101036013407809,-0.02346293936279208,0.027813457543329586,-0.0009310346769420023,0.01073244022571874,-0.1065339810878755,0.09937439944463357,-0.06272717825535747,0.12377580588896925,0.003535166831894796
User_2,0.03203888123163005,1.0,-0.014953438931665905,0.004427369933935361,-0.05843743288699824,0.039900421795953996,-0.007756420357389359,-0.0348617937870158,0.05190231804717803,-0.055511554696726764,0.0808448084531206,-0.03999930248421859,0.057633937449378406,-0.02101762077985717,-0.02699356756285999,-0.025178001082749552,-0.06655799541703897,-0.035439780611601836,-0.07430499722647402,0.08599870139854653,-0.011347167790338968,-0.016662392092717134,-0.09756233334334748,-0.015148769253802914,0.015502814774018856,-0.009066915283359,0.09625445033976399,0.03874290837875768,-0.06647059283910117,0.03901240773144841,0.03562174789251481,0.046416504596074507,0.05020575255034271,-0.07594492708481769,0.028680358497581254,-0.0050658738945133334,0.02463047074187871,0.01941997731803503,-0.007425611961087461,-0.021842307344878416,0.008602863421754928,-0.008210611667480577,-0.08953938519770618,-0.010804463224832256,0.07878301847386361,-0.04157467295133061,-0.03077952498707448,-0.06898611843303816,0.008386848469682137,0.020742037197061032,0.03574277637831794,0.009234213320269231,0.01704624630987314,-0.09722266478505477,0.03073720802425735,-0.03166887047242253,0.027089942634684065,-0.054385698968862785,-0.020123634046325604,0.034422477864944366,-0.03148086949775558,-0.05405567853908287,-0.007211912075433668,-0.00895249156956638,0.03452777467885966,0.04936107607166067,-0.004428395463962881,0.04399100349158191,0.06962949613388639,0.020732596058025802,0.004084975700824316,-0.0011255925037338581,0.09670523368942216,-0.04886525387979293,0.020564907725383233,-0.011262993028624838,-0.036650182941321705,0.10058357645644132,0.025006013077071832,0.09619486124679119,-0.030059163969865133,-0.13598847261010466,0.036020739878747564,-0.08866437424323004,0.06333859163329948,0.0747617878945873,0.04342275852866005,0.02485148642479345,-0.07165429040474233,-0.03020578734344,0.022449297129464425,0.0028913011113530537,-0.017191660829746856,-0.06742405704125423,0.017792111104142014,-0.06383504792760439,-0.04316372176768725,0.033071338828832564,0.0467275834301874,0.02804114579188851
User_3,0.01656786365713659,-0.014953438931665905,1.0,-0.01401223735697016,0.05733741006011403,0.09409384184531668,-0.02957075283073041,0.03961684438732555,0.09941284536733387,0.03162658232953577,0.0783265190936249,-0.018515430232808647,0.0006717155509374023,0.02118840004460455,0.046233302975862714,0.0488451740380535,-0.07337876654525084,-0.024924554777466894,-0.035138860730603974,-0.007570238004238387,0.037846259986077976,0.027135624041917047,-0.06925904646561151,0.043373393611002224,0.02150861498837379,0.020592896196760538,0.06445876227467988,-0.03723852571676952,0.05928534151907182,-0.03925159844353676,-0.03292487313043648,0.10925332827547078,0.0107958315526854,0.09657602546736853,0.02720618295175899,0.022535361674770864,0.006792135188771406,0.05282064448829154,-0.08021771750109341,0.09214858057589478,0.004200628433296167,0.0629071932989952,0.08550670783595457,-0.023699525732774986,0.01369859306129019,0.030302684509864983,0.06815820154589905,0.05127012189384321,-0.05343180029562909,0.05981549332670808,0.02252346390021965,0.01963622375107632,0.0011854934085567073,0.05317769118100387,0.02961268397854707,-0.12017876933432288,0.0763218101827873,0.00929568821193421,-0.0007975406065578374,-0.06262947924235415,-0.06318209332084364,-0.04798285789815754,-0.04774591335429605,0.06999593108647087,-0.027199110255235522,0.02868707883041688,-0.03051230795420737,-0.059761577820757104,0.014124268774814373,0.06224742800348453,-0.0312818383778531,-0.01272035054397844,0.03403754874503164,-0.05421596949824594,0.04131076091096311,-0.05662971605652881,-0.03399988023857189,-0.014710219380356847,-0.033189262813822284,0.04304682923731225,-0.007880604805922694,0.04923255942897304,-0.04353228579765317,-0.0904446605614746,-0.03209450679314105,-0.030142032018487173,-0.04041178641673423,-0.059397567966510106,0.017465247879113053,0.002325147796345527,-0.017173818712389197,-0.04748797273456725,-0.02713137850833145,0.024765932184897112,-0.0013606177389471705,-0.012026934752628017,0.04901147457401562,-0.006070448468605957,-0.029886902709404136,-0.006116658424958493
User_4,-0.040390368852132645,0.004427369933935361,-0.01401223735697016,1.0,-0.012065498010749876,-0.07108001296066327,0.011278792815530632,0.018982581417433878,0.002973477934503524,-0.010514126336692542,-0.08687735666182142,0.07025365362803064,0.05226946208576363,0.0776143312908251,0.0478786698872296,0.03801198102943253,-0.005846060134478348,0.093482768170302,-0.032855420230780294,-0.1149425801870117,-0.02117322687963043,-0.035165766448079935,0.03025491732149435,0.04542463224084318,-0.06599680840970819,0.045751952932446195,0.011839568732024281,-0.037254398800712143,0.02957504113680949,0.10821636320912986,0.006622872822866045,-0.037801525477384613,0.04924326912321648,-0.0032900391166024072,-0.005997763067893202,-0.021514416540214906,0.023464251954643776,0.022326594669677437,-0.013472543636003618,0.05176912827583326,0.008629175654980918,-0.014280561533359187,-0.03443934736562473,-0.05229802268257626,0.07468576912358722,-0.04668309669679754,0.009628148103927186,0.010004669825218599,-0.11701116803859135,-0.0764332428980493,0.021576325643059113,0.006571664839567834,-0.09904464003582802,0.01688823155401826,0.035588679188622435,0.018265992892795284,-0.051080385493660556,-0.053219376637371446,0.08804100244978588,0.019246223790666327,0.0028173839580028855,0.03696558877622153,0.0937101116322531,-0.015349572495031568,0.04638789802877747,-0.04294990156548883,-0.018016121481707285,-0.033545579507989746,-0.03278606860349147,3.416379365030745e-05,0.0281901468374587,-0.032337352987965126,0.006875968623949355,-0.00512907714360844,-0.013850932500443978,-0.03632071389008586,-0.020727232768779347,-0.05014149308131439,0.02383448529190222,-0.0711049657322881,-0.006764228856816539,0.04786742615441702,0.02040438929151011,0.02011533837617179,0.024903887439896757,-0.01432139880951766,0.07676981920191943,-0.012758768309617198,-0.0005652358422141106,-0.013102712354801592,0.04864583413752168,-0.0007333249038834758,-0.019720262172279297,-0.020757159078806323,-0.003078059759247363,0.035564652109615486,0.029625190445738483,0.08278352935222871,-0.017414792543625646,0.0034909264046851535
User_5,-0.04006255549871304,-0.05843743288699824,0.05733741006011403,-0.012065498010749876,1.0,-0.05396154007723851,-0.014299926084997723,-0.002012289757671884,0.0016102621794197732,0.09661211532115932,-0.04814507671946527,0.0862379145590398,-0.008022804626071522,-0.033957559967415445,-0.09257739888806157,0.004156369468317328,-0.048750623411601475,0.006281051189041594,0.020006049293906033,-0.06943750361070887,0.12683663943472903,0.026351567535693714,0.04488291634556152,0.03715755942334758,0.09575813895998934,0.10261627431904521,0.0314663615448935,-0.04028264331285447,-0.046498654531484024,-0.08121880267750234,-0.015292257972392184,0.018609008782153387,-0.03270665679856447,0.08422534213602374,0.0010190786064398969,0.01246045859572527,0.01811706753794165,-0.023712949055311745,-0.014960497627921383,-0.009472664818093146,-0.06107512048260401,-0.007623821084852303,0.0375887609356678,0.010848720648361142,-0.00807873034901787,0.004344283263164517,0.02400766487314437,0.07892502480803595,0.09503497637032067,0.03735665581614139,-0.008073225887683843,-0.04313741882407502,0.012786732816542235,0.033434918129239925,-0.07320672435658795,0.06640285079731986,0.007062073971979887,0.02944810837473567,0.00847724570354994,-0.039096793803096955,0.0024634055925196337,0.049206320840672356,-0.02413470051397145,0.012107256410747464,-0.03148352292166447,0.01603376234194931,0.03611611075266032,0.017088300803210124,0.0201828641153364,-0.018224943509505594,-0.020393158773562504,0.060361977320173225,0.03552040571166574,-0.013021675101422006,0.05479785351700752,-0.06034955286320774,0.01709618184122537,0.05107502670291027,-0.02520238239503873,-0.02033568834980312,0.10506713325039728,0.0011555074881603902,-0.033158604304602504,0.007987882890786547,-0.09172735551499978,-0.004223338007839357,-0.032047402691624906,0.018704792805880412,-0.024720471974910938,-0.06702233989583085,-0.0487662059213981,-0.02869757451984955,-0.013067173363049278,-0.021816857260891165,-0.028466309158802952,-0.05273445832088906,-0.038632227087009904,-0.042044798841132665,-0.08119583604724152,-0.034265634732677935
User_6,-0.037960627605360606,0.039900421795953996,0.09409384184531668,-0.07108001296066327,-0.05396154007723851,1.0,-0.0388691877335857,-0.030010852895372222,0.029956525788754646,-0.033766263876553355,0.046520653931603345,-0.021953164955797272,-0.05906674066622087,-0.09064040362451105,-0.0265810976694323,0.03194847391795795,0.04449214620764812,0.01842300764447692,-0.031241093757251325,-0.06928850327602495,-0.02092797861715469,0.01703105553860249,0.08857798880502217,0.04570696750421177,-0.08293358642207632,-0.07467464530268174,-0.026528677715307692,-0.0604690760045914,0.06326974245667716,-0.025131946648335318,0.008393506722309312,-0.018995205500873375,-0.07796633543646346,-0.016063679015592962,0.01192012446097826,0.024093949138850664,0.12958102277988112,0.02145101880122962,-0.05073460746902214,0.021942912742196164,-0.036385254405235185,-0.021989511345235285,0.030731425606029646,0.027720300340733407,-0.035710305900025996,-0.0697407241546346,0.014761771381557763,0.006773236714781813,0.01857817119154129,0.050075285852904876,0.010196549865659172,0.052849759763305824,-0.050242733268583376,-0.07684031459665129,0.05393182398874477,-0.045291783945873604,0.09407804877477453,-0.06332483465046995,0.07139371002540366,0.0169079881589446,0.04699019141837787,-0.025628975714671043,0.09621894821785248,0.02031347889364175,-0.040046965294438804,-0.04176725171174819,-0.05575040071712333,-0.04215808332920446,-0.024679168392511396,0.039311258938600956,-0.032204677194099994,-0.04645597766677724,-1.5895357652874733e-05,-0.031483670247621415,0.060246192620190035,-0.015053538467234872,-0.031068101344813307,0.08083994371215497,-0.026667237787117173,-0.025073194027024716,-0.0061651965053710015,0.023848112107742153,-0.05151832131325132,0.0557432010185243,-0.006952477283297982,0.019461517998332598,0.03226606185216217,-0.025896285341009483,0.05804535314576119,0.007296855038250523,0.06823017753887348,0.04016304838514696,-0.05267917791724004,-0.05514013865405572,-0.014341716240816883,0.07057735690002853,-0.09897998782229712,-0.024742526776209788,0.013338083602462322,-0.0054370200969299605
User_7,-0.032730984844787474,-0.007756420357389359,-0.02957075283073041,0.011278792815530632,-0.014299926084997723,-0.0388691877335857,1.0,0.07221312178146796,-0.047095085865399046,0.028305728725141005,0.008326166557239967,-0.08281074137701598,-0.0007708721109204041,0.07483360772581393,0.013776130118118466,-0.09126534262159469,0.02039828106166994,-0.07187097046803848,-0.014684665754949719,0.10312824064380144,0.009771224418241839,0.03842370735925354,0.022909698059924353,0.05551646814405573,-0.08326548758884643,-0.0004636681540286017,-0.005260546560090153,0.04676017816955319,-0.013102880117917461,-0.056607303589030745,-0.0005988714167735359,-0.022440377464534488,-0.01709811792749096,-0.009200441322071099,-0.0124252691068347,-0.011800462006936338,-0.040596085992823674,0.05544324692075074,0.03345707596630141,-0.057576858109427906,-0.17538406865954378,0.05468498401140408,0.06101186965463868,-0.0005435501822952727,0.02313881896969836,-0.018026914125566527,-0.0017330639774882594,-0.010490173530223568,0.05923101190943716,-0.008283379816746499,-0.021280972520638406,0.11536463822131257,0.026789696072727843,0.016420455777298757,-0.023129555576320328,0.013440569777828907,0.013671543269963678,-0.15149086461312802,-0.03214320242585681,0.011382231227142258,0.010465319732202234,0.004521800883062455,0.03378304148114446,0.020818156428892506,0.032604985757338625,-0.014720997452915453,0.0062346514432590604,0.05080077333897759,0.07465612292661096,4.586597961828084e-05,-0.0280581878911972,0.06406760186934356,0.02670147473139976,-0.0459717526672225,0.05874051016907254,0.11978419085544928,0.030305278354395553,0.03238792583966548,-0.030045672897411568,-0.006595571157279283,0.006591663460911717,-0.030244464183074516,-0.02410179160186591,0.04747472144971719,-0.04517138527342953,-0.030139861602463514,0.03941332729966047,0.03578438574958097,0.009376611402699707,0.012606092420995472,-0.0756841597570203,-0.01170718539318251,-0.08135534830604758,-0.004437762540415608,0.02004036255248401,-0.06959292962507678,0.025309973876171305,0.025304919559635493,0.03235325099143289,-0.028206941577587664
User_8,0.02974014047402963,-0.0348617937870158,0.03961684438732555,0.018982581417433878,-0.002012289757671884,-0.030010852895372222,0.07221312178146796,1.0,-0.01995792848024166,-0.053318827000044526,-0.06707683995151062,0.03828510130425053,-0.03815494480043215,-0.02024594014261007,0.02787668774423298,-0.02580015814191548,0.010062000896995429,0.03463132112451423,0.024192199918334253,0.02638858319138631,0.04641083705992339,0.057266735683974695,-0.03153163420346987,-0.04946730301186626,0.01517101549525514,-0.06293536769702766,-0.043022633465315235,-0.03588058586490429,-0.021218887056152217,0.020367386101301125,0.02483915833735943,0.03002447804513718,-0.004095054232275814,0.026481818726909617,0.05147125720883328,0.0020901916573131786,-0.012133437372112598,0.045822152329127404,-0.014518583920386855,0.07132058613538671,-0.055394476930671045,0.05649007146741946,-0.039197628119095294,-0.019243030809163484,-0.008661165269721476,0.06043993373466074,-0.02857451110830317,0.039400135742833395,0.04012603788736312,-0.11656075404204651,0.013655296548073462,0.027014275054015754,0.01086423116635386,0.01845676972685135,0.032453155073797854,-0.023438288130006733,-0.018374132624912345,-0.04345410105161477,-0.04407338769619433,-0.051907439989598604,-0.046469292409916804,-0.019373218235886735,0.015784677094048936,-0.06883528119993255,0.0074905356654782875,0.00019215225560213338,-0.07262769200933583,0.03400097805368953,-0.06264601164970576,0.029312523657691124,-0.01801942229841085,-0.014998066534360201,0.02022213933687203,0.0010207691456501841,-0.059815196974001665,-0.07110163454522286,-0.000558622674239391,-0.06246241019179127,0.03786254425072803,0.005492953996051546,0.03645519338399412,-0.010368447572968748,0.007906931302177093,0.06691647767811305,0.051082725185684,-0.00969645162231739,0.09575446571695219,-0.07608115286344133,-0.022242329548802862,-0.03235686583364832,0.0059291786091548405,-0.10563252416644443,0.0318889510980881,-0.03173000051374976,0.04703851221738586,-0.036404234156499855,-0.0242611665953846,-0.027625716300657552,-0.03350965759527231,-0.047160780777850665
User_9,0.03271404068976898,0.05190231804717803,0.09941284536733387,0.002973477934503524,0.0016102621794197732,0.029956525788754646,-0.047095085865399046,-0.01995792848024166,1.0,0.04518209573816077,-0.024627122295686622,-0.0271396313592905,0.04682610059958275,-0.04689068599288252,-0.0028800698696936815,-0.06280006476498166,0.0355561558370786,0.0478409402053665,0.022710023881133166,-0.028818919754062394,-0.060868323418572644,0.058844147621054506,0.04993163544207275,-0.031554864061108336,-0.0662603615562114,-0.04711595237250193,0.027416299190558893,0.04624545654007709,-0.06594838685691827,0.03261282119730842,-0.03199616290406619,-0.004264206446878352,0.035474595759439335,0.10400967521420354,-0.05020113757224876,0.01522899146291603,0.04765592459543202,0.0445785082460767,-0.01055768178335554,0.06434307780490348,0.0817462451883088,-0.03237684118473879,0.08852520336073182,-0.010600007384754667,0.02620108509035791,-0.044249210729307556,-0.01590347499912055,0.06728676946383529,0.008933366784724138,0.015534960844088284,0.012282327187724502,-0.04773435284108039,-0.013882215366372614,-0.038633670658168966,-0.020595400492962306,-0.03576510679235675,0.0984221257333649,-0.02982379980242476,0.016070865302755144,-0.05022422378647973,0.051011547978141336,0.026239245359328093,-0.07739702035308474,0.07390919745266862,-0.0035560249868331027,0.1284256437849173,-0.03974558721452217,-0.015252151423599255,-0.013514360456370196,0.019094409710221166,0.005318772625921437,-0.10465420771134787,0.041360722942118594,-0.01757812050618448,0.09264812447824795,0.09003804526373224,0.04452542416247082,-0.0544743018937531,-0.057270288895771494,-0.03972161763292479,0.07139595720860643,0.0069979737349863055,0.0314278133535097,0.01115294486873108,0.044383533309550874,-0.07538519071369543,-0.054645937582695286,0.01604152618264817,0.05855117673825833,0.029179652803874606,0.03157345225872393,0.05266980764806811,0.017199392645346277,0.07000672213548385,-0.05565866962318119,-0.04054467525439166,-0.058262665063938436,0.018372108482932758,0.019733302697039715,-0.006022135857040891
User_10,-0.0387568418912017,-0.055511554696726764,0.03162658232953577,-0.010514126336692542,0.09661211532115932,-0.033766263876553355,0.028305728725141005,-0.053318827000044526,0.04518209573816077,1.0,-0.0026212861094407802,-0.04290201602502663,-0.01833743962883817,0.025110567114139812,-0.02491176257714269,0.025091914659123776,0.036131253371691964,0.018517564876529266,-0.011876864263952232,0.023557786749971176,-0.05377326469907096,-0.0831784031829023,0.06821872203695778,-0.011031771272233214,-0.04450419473376086,0.040799629208558445,-0.018075062492191,-0.030736640403651306,-0.0390840691997056,0.05575836514469343,-0.009300216794991803,0.009948479506112846,0.0680447939811609,-0.014034615136721017,0.06336211316099784,0.0038675689647369163,0.03840291519270574,-0.06708838849522332,-0.05390439873790165,0.07453115051149263,0.0025074319124518993,-0.0471846070706485,0.03211739029937714,0.026766064851033125,-0.022025844127574534,-0.008849427492137891,-0.0004901916632316039,-0.0938979315906918,0.024858477124420804,0.010528983383900976,-0.038604618056291645,0.055530916220156906,-0.066763734054956,0.002490835543952763,-0.030712730244422986,-0.010695539977930404,0.015383184836988676,-0.07861171921897982,0.06218660099355399,-0.05681277766352124,0.029935979314027226,0.009151010703373754,0.037245161640308486,0.015613316974858642,-0.011461290636211314,0.02111149929479682,-0.018712879127718456,0.005461690389408136,0.04661529107296177,-0.021599252250195117,-0.015964304222533164,0.07537139010663833,0.00010539336089335181,0.05372041554638046,0.012209033094467185,0.015524346573905749,0.038206170344247906,-0.02727695852886582,-0.042796725635149795,0.04726391622076197,0.08060825470856774,-0.05645211750484129,-0.018258445195897807,0.04963913140221001,0.0074730644530984335,0.020587146532888654,-0.06498580838196301,-0.012549421536370566,0.05238658529609011,0.05781086161603931,-0.0620101178406103,0.06108581806085704,-0.016182763563216896,-0.027498304632226033,-0.0334861045661808,0.011417059544133452,0.0006357022850843542,0.050743359232166156,-0.013205883525635814,-0.007784780895448966
User_11,-0.02315820652206547,0.0808448084531206,0.0783265190936249,-0.08687735666182142,-0.04814507671946527,0.046520653931603345,0.008326166557239967,-0.06707683995151062,-0.024627122295686622,-0.0026212861094407802,1.0,-0.019017250026118093,0.02505004751740599,-0.006081124594166991,0.05727955732534084,-0.0886682700225127,-0.11756778814625098,0.03023490672451368,0.04314281189258499,-0.001253726117797845,-0.09133357130091117,0.00836027667937123,-0.04748831725116713,-0.08826199066564004,0.007762447184118677,-0.13210707630836788,0.0121196982560714,0.0011409101580326024,-0.04479983411304224,-0.020784589211941686,-0.04297603741871428,0.09848969586640646,-0.09131757077470125,0.0073874028738422064,0.07711457787906052,0.02019430718371487,-0.12694349081339762,-0.04974505680904463,-0.06638071953093187,0.01012121463438688,0.0449001959330616,-0.036216946251741905,0.0067206222817323275,-0.009839745625821227,0.0337883764360771,-0.030592927912660408,0.0008921029853306904,-0.08306218802191313,-0.0709554958280784,0.04775348327249509,0.007914322564947288,-0.050817598759680255,0.016709923743685174,-0.028960031066378133,-0.007127197238045701,-0.0660822212269569,-0.06120445076444425,0.01631939803347794,-0.05823155291734419,-0.017462738914547454,0.01727612894629878,-0.04135175300514778,0.05071712468644138,-0.02521222126404178,-0.06673196344468751,0.06198225025619692,0.009812677352864436,0.07901829512455769,-0.046511393037100356,-0.03180619992674487,0.04592861978860573,-0.012751459968159186,-0.018546098120823185,-0.08974811527474992,0.04497494592744664,-0.004505171394013809,-0.0317515355259387,-0.005887696891612147,0.014926387853402797,0.03724455368222238,-0.013784694508586385,-0.0012559888991973296,0.007131405810538365,0.0015072009868488667,0.03337633583556845,-0.07732571688148304,-0.02117829882257965,-0.04447472193757891,-0.014734330051254749,-0.021420695063282,-0.03417911126933555,0.08507563898516429,0.07870426420913547,0.01967782232368243,0.0030174308493617226,0.028031799317110997,-0.013578636099910878,-0.04982781288730982,0.013791916793926025,-0.01436144840581387
User_12,0.01494229795335932,-0.03999930248421859,-0.018515430232808647,0.07025365362803064,0.0862379145590398,-0.021953164955797272,-0.08281074137701598,0.03828510130425053,-0.0271396313592905,-0.04290201602502663,-0.019017250026118093,1.0,0.06563218186940183,0.022557256491201483,-0.019116052427548835,0.01947770437334329,0.0006726891124204717,-0.0008975672810725822,-0.008892679925976739,-0.015504124348538218,-0.0088937327957813,-0.03242639813542977,-0.050503619514254784,0.007264452589231604,0.07782303911331535,-0.022168120343867302,-0.03883979598535238,0.04950157674502756,0.04437117024136254,-0.004688209647727716,0.019846676921659662,-0.0487890059031473,0.019197018986112164,0.014855108919081013,-0.1079256396870249,0.037217809476082456,-0.04499416738965892,-0.033099597902086296,-0.05658681368836345,0.07916556930978697,-0.03136896740086014,-0.10154431558840786,-0.020347006466820524,-0.03838574096729081,0.07313165703354667,0.08091549886912659,0.04022895424324539,0.06562361304905144,-0.0416280663522609,-0.03156960033874616,0.018680499243241364,-0.09008513279227184,-0.04358178092054962,-0.0024459362177137356,0.0636783256207611,0.0028688927973173845,-0.027400046609936987,-0.0099455113603631,0.019174226454177077,-0.04397978889525976,0.014195510275576506,0.06876963690503042,-0.02427754087424603,0.01001552210894549,0.0025913327705073333,-0.05167015354782571,0.031891541187821115,-0.07949020648144464,-0.008932670069888808,0.01748198005102284,-0.08215957733103432,0.10045003623201323,0.021364850692161146,0.029506487181223586,0.11650228070807883,0.004580685847797109,0.0027796280204808585,-0.01981388838617631,-0.0027301735915778295,-0.001777305798546646,-0.11539609322171451,0.03652524165169097,0.0340135891986805,0.09573267930090362,-0.007608769842688201,-0.0013824767791202784,0.027499414829017504,0.033370400389720736,0.045065401456580965,-0.06048386044718916,-0.05219131634287076,0.029808723622416374,0.019591701455954853,-0.04684029233279184,-0.0005897671141699097,0.026143321931136096,-0.030003314090089397,0.04065780840301427,-0.008543518309986536,0.08468454715990109
User_13,-0.016528368309060484,0.057633937449378406,0.0006717155509374023,0.05226946208576363,-0.008022804626071522,-0.05906674066622087,-0.0007708721109204041,-0.03815494480043215,0.04682610059958275,-0.01833743962883817,0.02505004751740599,0.06563218186940183,1.0,0.007029008906554099,0.013223134937995875,0.07106461157711298,0.012697641635554357,-0.0016749794103925067,0.045816360822897514,-0.07366133902368655,0.07002043464741477,0.013255799268404148,-0.05616355686567475,0.025634211638255477,0.027475687741374783,0.0432406159005944,-0.07830340392679068,0.00596753305639113,0.06491280300164254,0.030045492919102138,0.06422012270817717,-0.036513690636849956,0.004066328663731343,-0.030412244409233784,0.03236559980180164,-0.08135786995567437,0.0030327057138950664,0.03522959465597259,0.032598651388230114,0.021312714291018785,0.007809817405984917,0.041937612346914524,-0.05485839572860369,0.005323692400524868,0.023355799025709147,0.03510873858977832,0.014967155720361515,-0.007652353524349945,-0.03858382755790689,-0.06918812534361053,0.007338676939295995,-0.06745093665090478,0.01804396800626444,-0.007719257409532395,0.01951602172687683,0.07751683308594123,-0.03587109610436398,-0.06231066023103156,0.002517018028241387,0.008255277637475874,-0.010988418146588642,-0.006533342688937934,-0.07518126663749537,-0.004161162254480589,-0.06018345415270178,0.016651509499684396,0.0403773174662921,-0.046591231031560654,-0.033440125159009335,-0.033619637769828986,-0.05572054186748083,0.05830743166778792,0.09402494011577636,-0.04633077272097149,0.028819943987091312,0.05333794934620299,0.01747353613066283,0.048684259858167614,-0.07259348836512082,0.04211054144088305,0.03951124583152734,0.06477051662013136,0.02877877863585764,0.0021747241934953823,6.168170735223675e-17,0.029256846326062902,0.01927274641375002,0.04362498740264183,-0.07692505706775392,-0.007106322611842759,-0.013450339582494765,-0.0008122101249950607,-0.061563780583030095,-0.08675826668766144,-0.007759749288858194,0.0006969624453511321,-0.0482164903805228,-0.06408696489399039,-0.019364595435341827,-0.02047865146527395
User_14,-0.029232751943384955,-0.02101762077985717,0.02118840004460455,0.0776143312908251,-0.033957559967415445,-0.09064040362451105,0.07483360772581393,-0.02024594014261007,-0.04689068599288252,0.025110567114139812,-0.006081124594166991,0.022557256491201483,0.007029008906554099,1.0,-0.10114368917962414,0.08238075121809971,-0.01664390092883003,0.03824045678172143,0.038122254637986464,-0.05578474424137901,-0.01266665612620579,0.09287241943372242,-0.02472999542150661,0.007977387689392493,0.039881165162380106,0.05359675071176591,0.0656401445682908,0.048654964679823054,0.07096737565756035,-0.06482183813603128,-0.007378663844954582,0.060890828845374584,-0.034496702140806315,0.031633160339280125,-0.012423547441547235,0.0693980959360589,0.05038903179336234,0.010280938012651205,0.10809821895913291,-0.020918154213078948,0.002451041928420483,-0.03539845924031443,0.023963633440569215,-0.010907217119173779,-0.022201655253707576,0.003640502022383812,-0.04777726192606182,0.03915256072825935,-0.1294090388027885,-0.06330190604522182,-0.03355491320238812,0.04598026338472148,-0.017673875320040278,-0.017327318182039392,0.011046875108956333,-0.020140083356648332,0.017170529864534278,-0.017942043315551475,-0.009550906465494283,0.04216106101010799,0.109199764059326,0.06780189451556054,-0.03599625090394007,0.018347645850661284,0.0958990255175135,-0.058958919990276484,-0.017208996726047417,-0.0011831318614690346,0.04022132615410366,0.02426656425328746,0.04325675424242042,0.0454637849145128,-0.13927429207087577,-0.039391968747939404,-0.022879630001917756,-0.0869120699469175,0.008888511009005352,-0.08384036312600862,-0.0073888876300037525,0.035314896631388246,0.03111722577575183,-0.02381889995567877,-0.005209706493524706,-0.018227080189693316,0.012490020377340365,0.049278579579642476,0.005978664701933748,0.02780307173760816,0.0159780427712705,0.09385176101870786,0.028844368994218123,-0.039961100335888546,-0.05425397273587677,-0.028151937131003123,-0.006883839987253282,-0.01658971414329233,0.030972671442721804,0.0015703415113997082,-0.03526466960780202,0.022273051446691984
User_15,-0.03871674275971709,-0.02699356756285999,0.046233302975862714,0.0478786698872296,-0.09257739888806157,-0.0265810976694323,0.013776130118118466,0.02787668774423298,-0.0028800698696936815,-0.02491176257714269,0.05727955732534084,-0.019116052427548835,0.013223134937995875,-0.10114368917962414,1.0,-0.010504700236672807,-0.0179709947639894,-0.006999283908936798,0.05304210024570566,-0.0013434786877381329,-0.04568486993241771,-0.003940800443279376,0.006156723912129615,0.07401086457128198,-0.14034563356141624,-0.009026495676172138,0.036293987790338815,-0.01338536193572209,-0.051542304851773135,0.04407759030614904,-0.0037364956000835842,-0.0359060352638309,0.006637274180715143,0.031137562953066533,-0.06747931355732899,0.08197123827782403,-0.06470557291199278,-0.02490446276800169,0.036192995196319536,0.06121907856047103,-0.012771115866180287,-0.059662246276075165,0.002464955705706688,-0.04038121594401012,-0.005865659972656311,0.063999712358605,0.022718604225487188,0.12467890789396041,-0.021717733689789322,-0.046356849553448626,-0.004844584407825494,-0.01324967629194597,-0.0037610775865728275,-0.00253346552709366,0.08218448160775009,-0.04030609945621696,-0.018548724584287444,0.021599288776217678,-0.029354709635611924,-0.10924698091711522,-0.021121925343043396,-0.068534506416974,-0.033179482414433255,0.02093246460730495,-0.01043935856399639,-0.00601646115886006,-0.09038016021736137,0.008759834002352416,0.03805206936535784,0.04601885222075887,-0.07891939282699233,0.03256634634891204,0.029982799810062605,0.03419532514726435,0.036168540310729205,0.028736984970543004,0.08508816811490799,0.020837855928270636,0.030951829273263114,0.008750459094755204,0.04228395280150644,-0.02932507188895231,0.035389555044102114,0.0002444431040106735,-0.00889222973920027,0.03408002704657487,-0.04012807076563782,-0.03293468308780812,-0.06298502868799671,0.13412677303202314,0.036497708959973375,-0.039008631365182046,-0.041270530749926655,-0.04798377192399222,-0.012944174160367762,-0.009251382159605389,0.035108717903530984,0.08147438042123309,-0.0028677508164768523,0.00679271570195139
User_16,0.07354551777317486,-0.025178001082749552,0.0488451740380535,0.03801198102943253,0.004156369468317328,0.03194847391795795,-0.09126534262159469,-0.02580015814191548,-0.06280006476498166,0.025091914659123776,-0.0886682700225127,0.01947770437334329,0.07106461157711298,0.08238075121809971,-0.010504700236672807,1.0,0.048568523872888514,-0.09934909054674979,0.04122269134977017,-0.0033467023866117513,-0.005151614135940169,-0.04879974456203857,0.016967225698472813,-0.00501560845720172,-0.01245790125712385,0.057524097745122786,0.010316047112699438,-0.03388285049527856,0.02830477930621066,-0.004058822924807704,0.007009395361780783,0.007752020839435665,-0.08606800923132857,0.002377159560051089,0.0601136557073951,0.0291586274004534,-0.03084575247880742,0.03205811219473723,-0.08562671188977414,-0.027336927726390455,-0.057648641114038696,0.10685262498232057,-0.06981516537988364,-0.02422939492436881,-0.00045981326227370427,-0.005944019369447993,0.028470908244780525,-0.04483202454120505,0.00440353653462861,-0.07890070551561043,0.015109767389518655,-0.0773477963501952,-0.0620572931986151,0.03566980243046101,0.04564021341573154,-0.03354644148052737,-0.01618152832423744,0.01264984800064059,-0.048773432502192696,-0.03698075380551231,0.010939887664839667,-0.021963168935344623,-0.06655582596951364,0.009196634445587121,0.013217446675803914,0.00332029332240939,0.10136910027534987,-0.04013997597208771,-0.050535532284707446,-0.021931857301342214,0.024320819607356697,-0.0185098083080824,0.012882553195818871,0.00968884654939294,-0.06874989657999662,-0.07003465144812812,-0.012393007839647262,0.014167634180560454,-0.048094367799743916,-0.04518932002485129,0.009758091144621454,0.026921332537711257,0.0025951386991437337,0.02961876996909384,0.027632986561045007,0.056598353526822465,0.0006017280033569545,0.026592164545259134,-0.008424098890437829,-0.0033595457317798995,-0.003325290441008198,-0.01067690662335236,-0.03466171451249822,-0.027960305206965606,-0.01313700693537774,-0.08778960699466246,-0.004050813854087681,-0.1383015792966982,-0.024000036628311364,-0.019829087684585116
User_17,-0.05381706840830337,-0.06655799541703897,-0.07337876654525084,-0.005846060134478348,-0.048750623411601475,0.04449214620764812,0.02039828106166994,0.010062000896995429,0.0355561558370786,0.036131253371691964,-0.11756778814625098,0.0006726891124204717,0.012697641635554357,-0.01664390092883003,-0.0179709947639894,0.048568523872888514,1.0,-0.021256537725903607,0.048660009021647084,0.13650413469131387,-0.014801689488867904,0.017252513723849536,0.03539819600560458,-0.029325190395212482,0.003897448827874665,-0.09858631843533408,0.0008314637844465183,-0.05308235361970745,-0.030140282583482024,0.03337047204517334,-0.019910225476476567,0.03288734775471135,0.007918306194332635,0.027492944730123217,-0.05025093712046771,-0.06305811600104701,0.012839492661994847,-0.05429709370913914,0.033175813856305386,0.04885195843162713,-0.02803787816573202,-0.05301589353742797,0.05738257691468683,-0.037471473449372114,0.04727811020075591,-0.03161260852713921,-0.012034413812600628,0.06674843355124463,0.04563007790583565,0.05241018452040518,0.015075509577927368,0.04115218356002238,-0.09872574355743993,-0.047621349927293735,0.011551139067343433,-0.0027689097596351685,-0.0363726863089152,-0.021380451647961023,-0.0023298669583064996,0.02859549730760621,-0.027918289936733107,-0.008148591752191894,-0.14550522667798077,0.04989219590878075,-0.04850018844119646,-0.08806765280912132,-0.005043041379196276,0.008255505864141371,-0.03386602468146486,-0.0008529932429329585,0.04591933107810627,-0.00562134789493191,-0.04166413884648982,-0.022827084767606576,-0.028241989199826102,-0.00018170355552185887,0.0670887586750778,-0.07200037251781827,0.004169191923606356,0.06370977378887571,0.07154410993608332,0.044416513006190164,-0.017284210418740377,0.007865364880262272,-0.031117319834782522,-0.048644024840494626,0.04740239681367319,0.04121541025167744,0.02719500755529008,-0.022734344088698736,-0.007059712429785173,0.03131742148006037,0.020806928019587546,-0.04564218119312754,-0.040871141910643526,-0.005167421258748322,-0.002537184208034046,0.06048893524431378,0.005568499376399113,0.09113574799485155
User_18,-0.06700709344380837,-0.035439780611601836,-0.024924554777466894,0.093482768170302,0.006281051189041594,0.01842300764447692,-0.07187097046803848,0.03463132112451423,0.0478409402053665,0.018517564876529266,0.03023490672451368,-0.0008975672810725822,-0.0016749794103925067,0.03824045678172143,-0.006999283908936798,-0.09934909054674979,-0.021256537725903607,1.0,-0.02670682962309731,0.0019648178977235975,0.03006702694107587,-0.02109261018835021,0.0807586770776899,0.011181336402234574,0.07001709882342055,-0.0012237832063293843,-0.0029616355512976254,0.00983867326944682,-0.005659906585026969,-0.06266835681700175,-0.09260993532904795,-0.02650517369278606,0.06898427551886326,0.05186679013542687,0.037587632666882476,-0.04086872587714369,0.004967544558694921,0.04061403217896607,-0.12799430000877668,-0.039724731706851854,-0.028957863209643504,-0.015097816146491331,0.059081131358901945,0.06014521201722571,-0.05819636508648618,-0.020372926594501607,-0.03021523757628682,0.021760300962435385,0.015987142390574957,0.06480114492421961,0.00669794751968531,0.025148855144640946,-0.038888552049656584,-0.011661241626352112,-0.04762101536261816,-0.017935206112458312,-0.04338378864475429,0.005483442067160153,0.064740677537113,0.012057374432521152,0.006152224656282236,0.008797286358631884,0.003879756077231074,-0.0058360584550412285,0.024469271582068776,-0.006157921735905482,0.09970095116956898,-0.028338795336698294,-0.009014537456891715,-0.03526350464396,0.034493328932337086,-0.0020402172528124693,-0.06383205690505422,-0.12575126034661374,-0.07992406695777002,-7.943893841114041e-05,-0.04247066124548551,-0.027885092150915166,0.0730266693148334,0.0075909656578112385,-0.010994700908445352,-0.010328505741880501,0.09181570599243973,0.03385317900034391,0.11992925060888628,0.02486559773080498,0.0154792141857507,0.03011870410759714,-0.03159777689608871,-0.02156179762138892,-0.005705916515992032,-0.009819470380333662,-0.09263059498564868,0.03132466790837299,-0.029194449952057167,0.02132095692004845,0.022117869046582493,0.015664643817301947,-0.025935189642007733,0.06860831206899752
